2
0
0
0
0
0
0
0
0
0
0
0
0
0
0
0
0
0
0
0
0
0
0
0
0
1
0
0
0
1
0
1
1
0
0
0
2
0
1
0
0
1
1
1
1
1
0
0
2
1
1
2
1
1
0
0
3
3
0
0
3
2
1
1
2
1
0
0
1
4
1
0
5
1
4
2
4
6
6
3
4
3
4
5
6
1
5
3
7
5
8
7
8
8
9
14
5
5
14
19
29
21
23
34
23
13
21
20
16
20
12
28
24
24
29
29
27
37
40
33
39
68
59
44
78
44
57
56
41
58
57
45
45
43
40
31
35
43
26
40
41
38
35
26
44
33
25
35
25
34
23
39
37
45
36
24
51
37
42
26
30
41
34
36
32
37
37
31
39
51
48
63
57
56
46
61
67
69
70
82
82
96
111
113
124
150
142
175
184
201
222
234
283
318
317
370
402
419
494
497
584
633
684
720
802
846
947
1043
1067
1212
1290
1360
1500
1544
1621
1785
1871
2035
2028
2213
2367
2488
2660
2672
2979
2999
3336
3343
3537
3669
3865
3880
4205
4152
4351
4450
4571
4610
4939
4964
5085
5191
5282
5425
5478
5574
5576
5691
5677
5933
6050
6023
5955
6009
6139
6459
6000
5976
6027
6086
5992
5791
5816
5689
5637
5769
5398
5560
5169
5227
5050
4994
4869
4651
4399
4538
4267
4182
3973
3961
3688
3600
3203
3305
3243
3023
2820
2737
2765
2472
2405
2245
2055
2020
1879
1738
1698
1551
1411
1366
1259
1142
1127
1038
933
878
816
789
721
617
591
506
525
437
441
400
369
347
297
261
213
213
207
161
150
140
119
117
73
98
69
74
87
62
54
59
56
54
50
45
40
24
48
32
35
41
32
28
31
35
28
31
32
33
31
38
41
43
41
56
44
33
46
32
32
29
35
39
29
29
37
59
47
44
39
69
83
49
65
75
54
58
44
47
57
47
29
34
32
22
36
33
33
26
28
29
36
24
27
25
29
20
26
24
18
18
24
23
38
20
21
40
16
29
21
31
14
19
21
28
15
16
11
19
19
27
20
22
14
27
16
12
23
24
13
14
12
15
21
15
14
19
15
19
11
14
16
19
10
18
15
18
13
19
11
13
11
11
15
16
16
14
7
15
12
12
13
6
11
7
5
3
8
12
4
8
7
5
9
5
7
6
6
4
7
4
2
4
1
5
3
2
1
0
0
0
0
0
0
0
0
0
0
0
0
1
0
0
0
1
2
0
