0
0
0
0
0
0
0
0
0
0
0
0
0
0
0
0
0
0
0
0
0
0
0
0
0
0
0
0
0
0
0
0
0
0
0
0
0
0
0
0
0
0
0
0
0
0
0
0
0
0
0
0
0
0
0
0
0
0
0
0
0
0
0
1
0
1
0
0
0
0
0
0
0
0
0
0
0
0
1
0
0
0
0
3
1
0
4
4
0
1
2
2
3
3
1
0
3
2
1
0
1
1
2
2
2
4
3
4
3
3
0
5
2
5
2
5
7
4
2
7
8
4
16
10
15
19
23
20
27
31
31
34
22
26
22
19
32
33
33
32
48
64
63
57
77
81
73
53
55
63
50
33
43
49
32
39
68
38
24
47
43
42
42
43
48
51
44
42
59
56
42
58
58
61
61
58
68
66
76
62
85
77
92
95
119
127
123
167
171
177
193
211
239
234
270
305
343
361
371
408
484
549
566
609
669
748
764
855
879
983
1057
1108
1198
1391
1419
1570
1679
1715
1867
1898
2063
2340
2267
2400
2648
2835
2864
3171
3359
3378
3632
3816
3966
4171
4438
4663
4908
5084
5148
5479
5631
5795
5812
6127
6083
6123
6175
6054
6166
6337
6111
6248
6098
6164
6168
6933
6036
6011
5864
5935
5825
5898
5823
5819
5715
5606
5536
5456
5197
5266
5141
5121
4807
4761
4615
4493
4300
4191
4012
3811
3710
3572
3437
3295
3015
2948
2784
2653
2642
2423
2408
2188
2111
1988
1896
1785
1664
1478
1432
1364
1265
1170
1095
1058
955
857
861
782
662
671
601
534
466
469
408
397
355
326
255
261
241
221
212
168
171
170
115
123
100
95
90
67
59
60
36
44
43
29
28
38
36
25
27
29
21
17
14
13
14
20
17
12
14
11
12
17
16
15
19
18
17
19
18
13
25
21
19
19
25
22
29
23
24
25
28
33
44
37
25
35
47
44
37
38
53
42
36
30
46
31
51
46
42
41
63
70
67
64
86
91
90
82
48
31
43
45
30
30
36
31
22
42
25
30
38
27
32
22
17
32
24
19
21
27
18
25
31
26
22
20
17
16
12
12
10
16
21
12
17
19
18
10
16
15
8
12
14
17
18
8
15
18
15
17
19
13
20
19
17
20
16
11
16
19
17
12
14
20
17
17
15
15
16
22
11
26
13
10
17
25
17
24
27
24
19
17
16
17
18
27
22
18
22
19
16
16
14
14
19
11
7
11
8
8
3
9
0
2
1
1
8
0
