7
0
0
0
0
0
1
1
1
1
1
2
1
0
2
0
2
0
0
0
2
0
0
0
1
1
1
0
0
0
1
3
0
0
3
2
0
2
2
0
2
0
3
2
2
2
4
0
3
2
1
0
1
2
2
1
1
2
4
1
5
1
2
3
5
0
5
0
3
5
6
5
2
4
2
7
5
5
3
4
3
10
5
6
7
9
9
14
9
13
8
6
15
10
7
16
16
29
21
32
30
19
24
25
16
33
23
30
23
26
31
41
45
26
27
37
48
52
65
31
59
67
53
46
57
38
51
54
40
38
60
49
37
33
44
38
33
31
36
20
26
23
27
26
23
24
26
25
29
19
22
23
26
24
18
29
43
21
28
22
29
32
33
32
34
39
35
40
41
41
36
47
48
45
55
52
73
76
77
82
103
84
96
115
143
128
161
202
191
244
216
291
289
312
361
354
434
458
550
539
587
670
721
775
825
876
955
1033
1070
1267
1337
1387
1496
1633
1596
1818
1911
2022
2106
2273
2294
2535
2709
2887
2799
3080
3335
3395
3624
3554
3801
3836
3917
4232
4221
4373
4605
4748
4783
4977
5061
5220
5213
5331
5520
5471
5598
5725
5739
5773
5850
5892
5974
5898
5891
6691
6135
5989
6052
5979
6014
5879
5946
5700
5749
5565
5586
5357
5249
5195
5065
4868
4829
4740
4623
4433
4228
4221
4074
3862
3708
3570
3377
3372
3075
2936
2913
2742
2574
2505
2317
2228
2169
1927
1869
1811
1630
1526
1405
1383
1285
1166
1015
1011
913
850
861
806
702
666
594
558
530
442
437
354
349
301
291
273
235
200
188
167
175
142
140
121
98
95
93
87
81
77
75
55
55
55
58
56
47
53
55
36
44
36
41
31
29
30
33
40
47
43
44
49
53
48
45
46
36
40
40
39
38
42
56
44
38
43
33
55
54
80
34
53
82
51
39
47
33
39
37
32
30
51
39
20
20
24
24
18
21
14
26
21
12
15
18
21
18
18
22
17
14
11
16
20
17
18
22
36
14
20
19
18
22
27
20
21
28
19
29
27
25
19
25
23
30
31
21
13
16
16
18
19
18
16
28
31
15
21
20
22
20
11
13
25
22
13
14
16
13
15
12
18
10
13
8
14
10
10
16
6
8
10
8
13
9
12
2
4
9
3
5
5
3
5
2
2
5
2
2
3
1
0
0
0
0
0
0
0
0
0
0
0
0
0
0
0
0
0
0
0
0
0
0
0
0
0
6
0
