0
0
0
0
0
0
0
0
0
0
0
0
0
0
0
0
0
0
0
0
0
0
0
0
0
0
0
0
0
0
0
0
0
0
0
0
0
0
0
0
0
0
0
0
0
0
0
0
0
0
0
0
0
0
0
0
0
0
0
0
0
0
0
0
0
0
0
0
0
0
0
0
0
0
0
0
0
0
2
1
5
12
14
17
27
36
47
58
88
125
169
221
333
436
555
670
874
1087
1421
1773
2193
2602
3029
3628
4382
5085
5803
6712
7588
8594
9556
10354
11449
12333
13225
14058
14371
15200
15448
15263
15780
15686
15340
14926
14406
13559
13159
12270
11369
10564
9527
8691
7616
6964
5710
4984
4308
3706
2998
2635
2176
1700
1392
1101
940
707
547
411
323
244
166
140
91
62
49
38
28
15
16
13
7
3
0
1
2
1
0
0
1
0
0
0
0
0
0
0
0
0
0
0
0
0
0
0
0
0
0
0
0
0
0
0
0
0
0
0
0
0
0
0
0
0
0
0
0
0
0
0
0
0
0
0
0
0
0
0
0
0
0
0
0
0
0
0
0
0
0
0
0
0
0
0
0
0
0
0
0
0
0
0
0
0
0
0
0
0
0
0
0
0
0
0
0
0
0
0
