1
17
131
215
352
614
1020
1714
2656
3561
4305
5658
6747
8231
9895
11572
13663
16206
18284
19394
20019
20465
20672
21050
21478
21723
22333
22688
23430
24032
25328
26320
28915
30073
31577
33978
34894
35615
37039
37625
38181
38654
39478
39775
40042
40523
40991
41834
42269
42685
43087
43474
43830
44181
44514
44865
45503
45825
46135
46485
46810
47144
47501
47878
48279
48679
49128
49561
50032
50511
51015
51540
51540
52045
52556
53063
53581
54061
54615
55127
55568
56039
56479
56479
56960
57415
57861
58259
58673
59003
59003
59335
59673
59991
60282
60553
60553
60795
61031
61224
61424
61424
61578
61723
61855
62009
62009
62138
62249
62378
62378
62499
62614
62714
62714
62805
62900
62973
62973
63060
63152
63233
63233
63306
63382
63382
63443
63491
63538
63538
63583
63620
63620
63653
63679
63679
63710
63733
63733
63747
63770
63770
63800
63822
63822
63845
63863
63863
63885
63900
63900
63920
63944
63944
63957
63976
63976
63999
64012
64012
64039
64039
64055
64083
64083
64107
64129
64129
64154
64154
64182
64210
64210
64232
64232
64258
64285
64285
64318
64318
64361
64398
64398
64435
64435
64465
64491
64491
64515
64515
64545
64545
64570
64592
64592
64628
64628
64658
64658
64681
64707
64707
64738
64738
64771
64771
64811
64853
64853
64906
64906
64944
64944
64985
64985
65038
65038
65083
65133
65133
65183
65183
65218
65218
65265
65265
65318
65318
65353
65353
65401
65401
65435
65461
65461
65482
65482
65500
65500
65513
65513
65521
65521
65528
65528
65529
65529
65533
65533
65535
65535
65535
65535
65535
65535
65536
