1
16
114
84
137
262
406
694
942
905
744
1353
1089
1484
1664
1677
2091
2543
2078
1110
625
446
207
378
428
245
610
355
742
602
1296
992
2595
1158
1504
2401
916
721
1424
586
556
473
824
297
267
481
468
843
435
416
402
387
356
351
333
351
638
322
310
350
325
334
357
377
401
400
449
433
471
479
504
525
0
505
511
507
518
480
554
512
441
471
440
0
481
455
446
398
414
330
0
332
338
318
291
271
0
242
236
193
200
0
154
145
132
154
0
129
111
129
0
121
115
100
0
91
95
73
0
87
92
81
0
73
76
0
61
48
47
0
45
37
0
33
26
0
31
23
0
14
23
0
30
22
0
23
18
0
22
15
0
20
24
0
13
19
0
23
13
0
27
0
16
28
0
24
22
0
25
0
28
28
0
22
0
26
27
0
33
0
43
37
0
37
0
30
26
0
24
0
30
0
25
22
0
36
0
30
0
23
26
0
31
0
33
0
40
42
0
53
0
38
0
41
0
53
0
45
50
0
50
0
35
0
47
0
53
0
35
0
48
0
34
26
0
21
0
18
0
13
0
8
0
7
0
1
0
4
0
2
0
0
0
0
0
1
