0
0
0
0
1
2
3
6
10
13
16
22
26
32
38
45
53
63
71
75
77
79
80
81
83
84
86
88
91
93
98
102
112
117
122
132
135
138
144
146
148
150
153
154
155
157
159
162
164
166
167
169
170
171
173
174
177
178
179
180
182
183
184
186
187
189
191
192
194
196
198
200
200
202
204
206
208
210
212
214
216
218
219
219
221
223
225
226
228
229
229
230
232
233
234
235
235
236
237
238
239
239
239
240
240
241
241
241
242
242
242
243
243
244
244
244
244
245
245
245
245
246
246
246
246
246
246
247
247
247
247
247
247
247
247
247
247
247
247
248
248
248
248
248
248
248
248
248
248
248
248
248
248
248
248
248
248
249
249
249
249
249
249
249
249
249
249
249
249
249
249
249
249
249
249
250
250
250
250
250
250
250
250
250
250
250
250
250
251
251
251
251
251
251
251
251
251
251
251
251
251
251
251
251
252
252
252
252
252
252
252
252
252
252
252
253
253
253
253
253
253
253
253
253
253
253
254
254
254
254
254
254
254
254
254
254
254
254
254
254
254
254
254
254
254
254
254
254
254
254
254
254
254
254
254
255
